name=iron
board=
0001111
0000001
0011111
0100001
1111111
end

name=lock
board=
01110
10001
10001
00001
11111
11011
11111
11111
01110
end

name=pin
board=
011111111111110
110100000001111
100010000000111
100010000000111
110100000000111
011111000001110
000000111100000
000000000011100
end

name=desk lamp
board=
01111000
11001100
10010010
10011001
11001110
01000100
01000000
01100000
00100000
00100000
01110000
11111000
end


name=weasel
board=
0000110000000000000000000000000
0001110000000000000000000000000
0110110000000000000000000000000
1111111000000000000000000000000
1100111100000000000000000000000
0110011100000000000000000000000
0001011100000000000000000000000
0011001100000000000000000000000
0010001100001111111000000000000
0010001111111111111100000000000
0010001111111111111110000000000
0010000111111111111111000000000
0010000111111111111111100000000
0010001111100001111111111000000
0001001111000001111111111100000
0001101111111111111111111100000
0000111111000001101111111110000
0000010010000000100110001111110
0000110110000011100100000111111
0000111100000011111100000011110
end

